function [yAdaBoostedGiniBest] = yAdaBoostedGiniBest

yAdaBoostedGiniBest = [0.7438271604938271;
0.9320987654320988;
0.9382716049382716;
0.9475308641975309;
0.9753086419753086;
0.9845679012345679;
0.9876543209876543;
0.9876543209876543;
0.9845679012345679;
0.9938271604938271;
0.9876543209876543;
0.9783950617283951;
0.9722222222222222;
0.9783950617283951;
0.9783950617283951;
0.9783950617283951;
0.9783950617283951;
0.9783950617283951;
0.9783950617283951;
0.9783950617283951;];