function[yAdaBoostedGiniRandom] = yAdaBoostedGiniRandom

yAdaBoostedGiniRandom = [
0.7808641975308642;
0.9012345679012346;
0.9228395061728395;
0.9475308641975309;
0.9783950617283951;
0.9660493827160493;
0.9876543209876543;
0.9814814814814815;
0.9845679012345679;  
0.9876543209876543;
0.9845679012345679;
0.9876543209876543;
0.9722222222222222;
0.9907407407407407;
0.9907407407407407;
0.9907407407407407;
0.9907407407407407;
0.9907407407407407;
0.9907407407407407;
0.9907407407407407;];