function [yAdaBoostedEntropyRandom] = yAdaBoostedEntropyRandom
yAdaBoostedEntropyRandom = [
0.7592592592592593;
0.9290123456790124;
0.9228395061728395;
0.9537037037037037;
0.9537037037037037;
0.9753086419753086;
0.9845679012345679;
0.9845679012345679;
0.9845679012345679;
0.9876543209876543;
0.9907407407407407;
0.9938271604938271;
0.9506172839506173;
0.9537037037037037;
0.9814814814814815;
0.9814814814814815;
0.9814814814814815;
0.9814814814814815;
0.9814814814814815;
0.9814814814814815;
];
