function [yAdaBoostedEntropyBest] = yAdaBoostedEntropyBest
yAdaBoostedEntropyBest = [
0.7808641975308642;
0.9351851851851852;
0.9506172839506173;  
0.9537037037037037;
0.9660493827160493;
0.9753086419753086;
0.9907407407407407;
0.9907407407407407;
0.9845679012345679;
0.9938271604938271;
0.9753086419753086;
0.9876543209876543;
0.9938271604938271;
0.9907407407407407;
0.9907407407407407;
0.9907407407407407;
0.9907407407407407;
0.9907407407407407;
0.9907407407407407;
0.9907407407407407;];
