function [yEntropyRandom] = yEntropyRandom

yEntropyRandom = [0.7191358024691358;
0.7561728395061729;
0.8333333333333334;
0.8024691358024691;
0.8580246913580247;
0.8580246913580247;
0.9012345679012346;
0.9259259259259259;
0.941358024691358;
0.9722222222222222;
0.9629629629629629;
0.9783950617283951;
0.9845679012345679;
0.9691358024691358;
0.9907407407407407;
0.9722222222222222;
0.9845679012345679;
0.9783950617283951;
0.9567901234567902;
0.9753086419753086;];