function [yEntropyBest] = yEntropyBest
yEntropyBest = [0.7191358024691358;
0.7654320987654321;
0.8024691358024691;
0.845679012345679;
0.8765432098765432;
0.9166666666666666;
0.9475308641975309;
0.9660493827160493;
0.9598765432098766;
0.9814814814814815;
0.9845679012345679;
0.9907407407407407;
0.9907407407407407;
0.9907407407407407;
0.9907407407407407;
0.9907407407407407;
0.9907407407407407;
0.9907407407407407;
0.9907407407407407;
0.9907407407407407];