function [yGiniRandom] = yGiniRandom
yGiniRandom = [0.7191358024691358;
0.7654320987654321;
0.7777777777777778;
0.8333333333333334;
0.8148148148148148;
0.8425925925925926;
0.8549382716049383;
0.9567901234567902;
0.9506172839506173;
0.9444444444444444;
0.9783950617283951;
0.9382716049382716;
0.9753086419753086;
0.9506172839506173;
0.9629629629629629;
0.9783950617283951;
0.9814814814814815;
0.9691358024691358;
0.9783950617283951;
0.9814814814814815;];