function [yGiniBest] = yGiniBest
yGiniBest = [0.7191358024691358; 
0.7654320987654321; 
0.8024691358024691; 
0.8518518518518519; 
0.8734567901234568;
0.9074074074074074;
0.9444444444444444; 
0.9444444444444444; 
0.9629629629629629; 
0.9845679012345679; 
0.9753086419753086; 
0.9783950617283951; 
0.9783950617283951; 
0.9783950617283951;
0.9783950617283951; 
0.9783950617283951; 
0.9783950617283951; 
0.9783950617283951; 
0.9783950617283951;
0.9783950617283951];