function [yOurTreeTestData] = yOurTreeTestData
yOurTreeTestData = [
0.7191358024691358;
0.8024691358024691;
0.8024691358024691;
0.8333333333333334;
0.8672839506172839;
0.904320987654321;
0.9197530864197531;
0.9290123456790124;
0.9691358024691358;
0.9629629629629629;
0.9814814814814815;
0.9876543209876543;
0.9845679012345679;
0.9845679012345679;
0.9845679012345679;
0.9845679012345679];
