function [yOurTreeTrainData] = yOurTreeTrainData
yOurTreeTrainData = [
0.6702702702702703;
0.78996138996139;
0.78996138996139;  
0.8208494208494208
0.8409266409266409;
0.8841698841698842;
0.905019305019305;
0.9397683397683397;
0.9675675675675676;
0.9806949806949807;
0.993050193050193;
0.9953667953667954;
0.9984555984555985;
1.0;
1.0;
1.0;];
